%YAML:1.0
---
model_type: PINHOLE
camera_name: camera
image_width: 848
image_height: 800
distortion_parameters:
   k1: -0.0074622561223805
   k2: 0.0431056097149849
   p1: -0.0399524085223675
   p2: 0.00679558422416449
projection_parameters:
   fx: 287.095306396484
   fy: 287.234405517578
   cx: 423.369689941406
   cy: 404.195892333984

