%YAML:1.0
---
model_type: KANNALA_BRANDT
camera_name: camera
image_width: 848
image_height: 800
projection_parameters:
   k2: -0.00746056018397212
   k3: 0.0452060997486115
   k4: -0.0426644310355186
   k5: 0.00778009695932269
   mu: 286.696899414062
   mv: 286.595794677734
   u0: 431.265808105469
   v0: 393.695007324219


